#Rad[arcsec] mu[mag/arcsec^2]
0.0377904      15.8651
0.0416319      15.9191
0.0456761      15.9773
0.0497864      16.0355
0.0540292      16.0904
0.0585524      16.1498
0.0636338      16.2156
0.0685943      16.2721
0.0747314      16.3505
0.0801502      16.4037
0.0870362      16.4969
0.0939319      16.5834
 0.104501      16.7144
 0.116705      16.8508
 0.131149      17.0202
 0.157449       17.309
 0.179385       17.489
 0.196909       17.593
 0.218333      17.7341
 0.242439       17.884
 0.266683      18.0698
 0.289654      18.2379
 0.321073       18.391
  0.37515      18.6882
 0.390658       18.718
 0.435766      18.9232
 0.475695      19.1084
 0.523264      19.3688
 0.574949      19.4865
 0.632444      19.7971
 0.716373      19.9098
 0.788011      20.1518
 0.800972      20.1483
 0.921577      20.4074
  1.04168      20.6364
  1.12087      20.7402
  1.23296      20.9623
  1.35626      21.0531
  1.49188      21.2743
  1.64107      21.4477
  1.86709      21.6914
   2.0538       21.844
   2.1216      21.8971
  2.51936      22.2205
   2.7419      22.4494
  2.92519      22.4805
  3.18125      22.6973
  3.49938      22.8051
  4.39698      23.4414
   4.8016      23.4633
  5.04626      23.7208
  5.76856      24.0328
  6.46257      24.5489
  5.60376      23.7722
  6.70281      24.1531
  8.23898      25.7123
