#Rad[arcsec] mu[mag/arcsec^2]
0.223603      17.9714
0.335942      18.4184
0.467829      18.8689
0.601545      19.2692
0.734142      19.5719
0.866902      19.8338
 1.00039      20.0562
 1.13298      20.2593
 1.26622      20.4261
 1.39987      20.5835
  1.5325      20.7291
 1.66518      20.8435
 1.79874      20.9842
 1.93194      21.1263
 2.06476      21.2351
 2.19812        21.35
 2.33073      21.4213
 2.46375      21.5529
 2.59764      21.6516
 2.73058      21.7499
 2.86361      21.8258
 2.99718      21.9563
 3.13007      22.0054
  3.2632      22.1135
 3.39674      22.2005
 3.52955      22.2622
  3.6627      22.3332
 3.79616      22.3559
 3.92914        22.41
 4.06223      22.4686
 4.19544      22.5456
 4.32857      22.6378
 4.46134      22.6736
 4.59456       22.696
 4.72775      22.8098
  4.8613      22.8338
 4.99453       22.958
 5.12708        22.98
  5.2605       22.987
 5.39384      23.1447
 5.52725      23.1384
 5.65997      23.1761
 5.79358      23.1922
 5.92661      23.3579
 6.05952      23.3808
 6.19299       23.356
 6.32608      23.4209
 6.45945      23.5135
 6.59278      23.5155
 6.72546      23.5837
 6.85865      23.5874
 6.99197      23.6688
 7.12469      23.7763
  7.2581      23.6703
  7.3915      23.8273
 7.52454      23.8556
 7.65784      23.8748
 7.79108      23.9058
 7.92436      24.0178
 8.05762      24.1882
 8.19057      24.0764
 8.32366      24.1546
 8.45701      24.2683
 8.59002      24.4306
 8.72311      24.3815
 8.85641      24.2381
 8.98943      24.4326
 9.12241      24.5037
 9.25578      24.6004
 9.38911      24.6504
 9.52222      24.7453
 9.65558      24.6618
 9.78866       24.421
 9.92173      24.6338
