#Rad[arcsec] mu[mag/arcsec^2]
0.104712       17.396
0.207469      17.8876
0.338161      18.4037
0.469179      18.8007
0.601372      19.1298
 0.73531      19.3883
0.867897      19.6123
0.999537       19.798
 1.13239      19.9789
 1.26606      20.1455
 1.39975      20.3063
 1.53287      20.4328
  1.6659      20.5844
 1.79885      20.6975
 1.93166      20.8382
  2.0648      20.9289
 2.19791       21.012
 2.33093      21.1121
 2.46435      21.2159
 2.59772      21.2864
 2.73067      21.3617
 2.86368      21.4737
 2.99677      21.5774
 3.12988      21.6335
 3.26312      21.7374
 3.39653       21.786
 3.52963      21.8888
 3.66274      21.9782
 3.79624      22.0562
 3.92916      22.1068
 4.06179      22.1819
   4.195      22.2753
 4.32869      22.3519
 4.46213      22.4007
 4.59511       22.472
 4.72786      22.5726
 4.86114        22.58
 4.99428      22.6686
 5.12732      22.7885
 5.26057      22.7681
 5.39381      22.8727
  5.5272       22.959
 5.66043       23.005
 5.79331      23.0862
 5.92626      23.0845
 6.05948      23.1832
 6.19294      23.2065
 6.32615      23.3202
  6.4593       23.265
 6.59276      23.4004
 6.72555      23.4388
 6.85866      23.4711
 6.99172      23.5113
 7.12483      23.6749
 7.25797      23.7288
 7.39126      23.6095
 7.52465      23.7107
 7.65786      23.7437
  7.7909       23.794
 7.92402      23.7629
 8.05726      23.9242
 8.19038      23.9194
 8.32334      24.0785
 8.45684      24.1676
 8.59029      24.2148
 8.72347      24.1321
 8.85628      24.0891
 8.98918      24.2456
 9.12276      24.3534
 9.25616      24.2203
 9.38919      24.4903
 9.52212      24.5221
 9.65526      24.4612
 9.78859      24.5965
 9.92157      24.5046
