#Rad[arcsec] mu[mag/arcsec^2]
0.0360118       17.008
0.0399665      17.0268
0.0462436       17.067
0.0530753      17.1142
0.0655002      17.1828
0.0760599      17.2416
0.0813152       17.266
0.0861284      17.2882
0.0912671       17.312
0.0980257      17.3418
 0.105685       17.377
 0.115666      17.4156
  0.13002       17.471
 0.148094      17.5487
 0.173322      17.6508
 0.193317      17.7606
 0.218366      17.8915
 0.229018      17.9202
  0.25192      18.0355
 0.277346      18.1238
 0.313152       18.313
 0.338659      18.3667
 0.372524      18.5281
 0.409777      18.6669
 0.432618      18.6896
 0.485074      18.8779
 0.531977      19.0611
 0.585175      19.2051
 0.643692      19.3433
 0.708062      19.5362
 0.778868      19.6592
 0.856754      19.8238
 0.931461      19.9556
  1.02342      20.0954
  1.12576      20.2515
  1.23834      20.3883
  1.36217      20.5421
  1.47465       20.677
  1.62415      20.7996
  1.82825      21.0083
  2.01107      21.1772
    2.184      21.3429
   2.4024      21.4999
  2.64264      21.6688
  2.90691       21.899
  3.19501      22.0675
  3.47857      22.2023
  3.69752      22.3316
  4.51187      22.6654
  4.65038      22.7055
  5.05831      22.8832
  5.61707      23.1891
  5.82467      23.1547
  7.13233      23.6804
  7.04111      23.5246
  7.99212      23.9895
