#Rad[arcsec] mu[mag/arcsec^2]
0.0372444      16.7857
0.0404091      16.8068
0.0439535      16.8313
0.0484535      16.8656
0.0538921      16.9056
 0.060055      16.9515
   0.0659      16.9921
0.0729742      17.0453
 0.081995      17.1003
0.0930827       17.164
 0.107555      17.2488
 0.119211      17.3244
 0.129952      17.4019
 0.138273      17.4466
 0.148449      17.4976
 0.164861      17.6116
 0.184558      17.7289
 0.202365      17.8278
 0.222602      17.8984
 0.240519      18.0005
 0.264571       18.144
 0.270422      18.1115
 0.319676      18.3237
 0.360846      18.4883
 0.380975      18.5195
 0.428798      18.6358
 0.471677      18.8142
 0.535586      18.9099
 0.579483      19.0585
 0.654854      19.2054
 0.660252      19.2452
 0.781916      19.4688
  0.84988      19.5861
 0.936953      19.7241
  1.02536      19.8324
  1.11534      19.9501
  1.24432      20.1181
  1.36875      20.2708
  1.47374      20.3699
  1.62111      20.5265
  1.80346      20.6993
  1.98381      20.8797
  2.19043      21.0059
  2.40948      21.1894
  2.65043      21.2974
  2.91547       21.488
  3.20701      21.6847
  3.37096      21.7766
  3.80092      22.0518
  4.18101      22.2635
  4.83403      22.6169
  5.30335      22.8738
  5.62802      22.9578
  5.93052      23.0357
  6.88681      23.4335
  7.74389      23.9168
  7.81475      24.1169
  8.67877      24.0471
  9.42853       24.541
  10.3714      24.8512
  11.4085      24.9024
